94549
87885
42302
37433
74652
27459
82590
34749
68331
36136
14730
70673
12287
29973
59985
26396
16048
80230
19201
71455
57979
91254
15186
31059
29882
87223
38860
97664
88958
38699
27112
67548
81935
46963
18468
80814
37770
50065
46464
19326
63881
53323
20470
64731
18513
34479
46567
98376
17653
18125
11263
36612
37799
20070
75066
79188
11039
45503
74913
87231
16180
43106
34861
20054
50295
47089
75532
94911
84335
20775
93520
88269
50670
61037
25508
27069
58195
17654
49499
95342
31657
43192
15201
91726
61997
81095
43523
83358
99293
31632
11258
96417
62027
68959
92850
66646
86512
45149
60553
60719
75374
77065
54082
16318
16174
76162
77305
83467
52504
20446
88450
66932
17825
59786
96938
78722
39695
29791
49455
97715
29207
26237
63627
61258
75175
44967
80107
60815
20992
82266
72911
40516
54891
11147
21754
28197
19069
10620
40904
34107
98709
97339
19935
32301
48466
34872
40287
29699
13713
47520
79555
60297
99555
88378
80057
37501
25022
53278
71838
12933
99914
52589
24434
78079
13564
22001
61227
61959
29295
98994
50694
30094
25102
71057
91928
72973
83246
44133
31842
23303
84680
83375
18707
59667
24548
92652
70423
70350
24817
28152
20829
75100
39826
21305
69799
32263
93314
29679
77675
56198
82136
37109
22230
48171
53205
30596
76447
42249
88074
97285
95049
87487
19767
22833
71939
84582
29055
31015
29786
71283
81111
37800
81278
79817
54508
85475
90785
62334
66484
37480
30364
75800
88268
48843
74444
74212
11793
51576
88313
72307
12571
54413
97271
33778
58563
12488
54342
18500
51510
65613
36548
71998
23201
15940
61443
25374
18508
69374
49732
51385
52099
33698
31506
92496
85935
73080
18268
68558
68996
87088
83514
42465
15251
98672
62513
89682
91680
68921
84305
81715
53646
58916
17131
93684
71606
12991
26960
32497
18486
11022
78741
65852
76870
28527
18515
53954
59093
30766
95515
81085
